version https://git-lfs.github.com/spec/v1
oid sha256:dbc768ad04ad123f6e4dd8dab97d6950ce3b240f1663ab06f6a951d2f4cfd994
size 28275
